models/prem
y
n
1
0
0
0
2 0.0015 0.0020 2.0e-4 1
3 0.0025 0.0032 2.0e-4 3
4 0.0035 0.0042 2.0e-4 7
5 0.004 0.008 2.0e-4 20
6 0.006 0.009 2.0e-4 20
7 0.007 0.010 2.0e-4 30
8 0.008 0.011 2.0e-4 40
9 0.009 0.011 2.0e-4 40
10 0.010 0.012 2.0e-4 50
11 0.011 0.012 2.0e-4 60
12 0.012 0.013 2.0e-4 60
13 0.013 0.014 2.0e-4 70
14 0.013 0.015 2.0e-4 70
15 0.014 0.020 2.0e-4 70
16 0.015 0.0213 2.0e-4 80
17 0.016 0.0223 2.0e-4 80
18 0.016 0.023 2.0e-4 80
19 0.017 0.024 2.0e-4 80
20 0.018 0.025 2.0e-4 90
21 0.018 0.026 2.0e-4 90
22 0.018 0.027 2.0e-4 90
23 0.018 0.028 2.0e-4 90
24 0.018 0.028 2.0e-4 90
25 0.018 0.029 2.0e-4 90
26 0.018 0.030 2.0e-4 100
27 0.018 0.031 2.0e-4 100
28 0.018 0.032 2.0e-4 100
29 0.018 0.033 2.0e-4 100
30 0.018 0.034 2.0e-4 100
31 0.018 0.035 1.0e-4 100
32 0.018 0.035 2.0e-4 110
33 0.018 0.035 2.0e-4 110
34 0.018 0.035 2.0e-4 110
35 0.018 0.035 2.0e-4 120
36 0.018 0.035 2.0e-4 120
37 0.018 0.035 2.0e-4 120
38 0.018 0.035 2.0e-4 120
39 0.018 0.035 2.0e-4 120
40 0.018 0.035 2.0e-4 120
41 0.018 0.035 2.0e-4 120
42 0.018 0.035 2.0e-4 120
43 0.018 0.035 2.0e-4 120
44 0.018 0.035 2.0e-4 120
45 0.018 0.035 2.0e-4 130
46 0.018 0.035 2.0e-4 130
47 0.018 0.035 1.0e-4 130
48 0.018 0.035 2.0e-4 130
49 0.018 0.035 2.0e-4 130
50 0.018 0.036 2.0e-4 130
-9999 0 0 0 0
used to compute eigenfunction set , mode_set001, for a_model.1 
50 0.03 0.04 2e-3 130
60 0.04 0.05 2e-3 130
70 0.04 0.05 2e-3  140
80 0.05 0.06 2e-3  150
90 0.05 0.06 3e-3  150
100 0.06 0.07 3e-3 150
120 0.07 0.09 5e-3 160
140 0.08 0.10 5e-3 160
160 0.09 0.11 5e-3 160
180 0.10 0.12 5e-3 170
200 0.11 0.13 5e-3 170
225 0.13 0.15 5e-3 170
250 0.14 0.16 5e-3 170
275 0.16 0.18 5e-3 180 
300 0.18 0.20 5e-3 180
325 0.19 0.21 5e-3 180
350 0.20 0.22 5e-3 180
375 0.21 0.23 5e-3 180
400 0.23 0.25 5e-3 190
450 0.27 0.29 5e-3 190
500 0.29 0.32 2e-2 190 
550 0.30 0.35 2e-2 190
600 0.32 0.37 2e-2 190
650 0.34 0.39 2e-2 190
700 0.36 0.41 2e-2 190 
750 0.40 0.45 2e-2 190
800 0.41 0.46 2e-2 190
850 0.42 0.47 2e-2 195
900 0.44 0.49 2e-2 195 
1000 0.47 0.52 2e-2 195
-9999 0 0 0
used for mode.table8
