#layer  r,km  rho g/cm^3 Vpv,km/s Vph,km/s Vsv,km/s Vsh,km/s eta   Qmue Qkappa a,kbar c,kbar   l,kbar  n,kbar f,kbar
PREM 233
 1   1     1e3      1e3      1e3      1e3      1e3      1e3       1   1     1     1e8     1e8     1e8     1e8     1e8
 0 232    0.00 13.08850 11.26220 11.26220  3.66780  3.66780 1.00000  85  1328 16601.1 16601.1  1760.8  1760.8 13079.6
 0 231   22.62 13.08839 11.26212 11.26212  3.66774  3.66774 1.00000  85  1328 16600.7 16600.7  1760.7  1760.7 13079.3
 0 230   45.24 13.08805 11.26188 11.26188  3.66758  3.66758 1.00000  85  1328 16599.6 16599.6  1760.5  1760.5 13078.6
 0 229   67.86 13.08750 11.26148 11.26148  3.66730  3.66730 1.00000  85  1328 16597.7 16597.7  1760.1  1760.1 13077.4
 0 228   90.48 13.08672 11.26092 11.26092  3.66690  3.66690 1.00000  85  1328 16595.0 16595.0  1759.7  1759.7 13075.7
 0 227  113.10 13.08571 11.26019 11.26019  3.66640  3.66640 1.00000  85  1328 16591.6 16591.6  1759.0  1759.0 13073.5
 0 226  135.72 13.08449 11.25931 11.25931  3.66578  3.66578 1.00000  85  1328 16587.5 16587.5  1758.3  1758.3 13070.9
 0 225  158.34 13.08304 11.25827 11.25827  3.66505  3.66505 1.00000  85  1328 16582.6 16582.6  1757.4  1757.4 13067.8
 0 224  180.96 13.08137 11.25707 11.25707  3.66421  3.66421 1.00000  85  1328 16576.9 16576.9  1756.4  1756.4 13064.2
 0 223  203.58 13.07948 11.25570 11.25570  3.66326  3.66326 1.00000  85  1328 16570.5 16570.5  1755.2  1755.2 13060.1
 0 222  226.20 13.07736 11.25418 11.25418  3.66219  3.66219 1.00000  85  1328 16563.3 16563.3  1753.9  1753.9 13055.5
 0 221  248.82 13.07502 11.25249 11.25249  3.66102  3.66102 1.00000  85  1328 16555.4 16555.4  1752.5  1752.5 13050.5
 0 220  271.44 13.07246 11.25065 11.25065  3.65973  3.65973 1.00000  85  1328 16546.7 16546.7  1750.9  1750.9 13045.0
 0 219  294.06 13.06967 11.24864 11.24864  3.65833  3.65833 1.00000  85  1328 16537.3 16537.3  1749.2  1749.2 13039.0
 0 218  316.68 13.06666 11.24648 11.24648  3.65681  3.65681 1.00000  85  1328 16527.1 16527.1  1747.3  1747.3 13032.5
 0 217  339.30 13.06343 11.24415 11.24415  3.65519  3.65519 1.00000  85  1328 16516.2 16516.2  1745.3  1745.3 13025.6
 0 216  361.92 13.05998 11.24166 11.24166  3.65345  3.65345 1.00000  85  1328 16504.5 16504.5  1743.2  1743.2 13018.1
 0 215  384.54 13.05630 11.23902 11.23902  3.65160  3.65160 1.00000  85  1328 16492.1 16492.1  1740.9  1740.9 13010.2
 0 214  407.16 13.05240 11.23621 11.23621  3.64964  3.64964 1.00000  85  1328 16479.0 16479.0  1738.6  1738.6 13001.8
 0 213  429.78 13.04828 11.23324 11.23324  3.64756  3.64756 1.00000  85  1328 16465.1 16465.1  1736.0  1736.0 12993.0
 0 212  452.40 13.04394 11.23011 11.23011  3.64537  3.64537 1.00000  85  1328 16450.4 16450.4  1733.4  1733.4 12983.7
 0 211  475.02 13.03937 11.22682 11.22682  3.64308  3.64308 1.00000  85  1328 16435.0 16435.0  1730.6  1730.6 12973.8
 0 210  497.64 13.03458 11.22337 11.22337  3.64066  3.64066 1.00000  85  1328 16418.9 16418.9  1727.7  1727.7 12963.6
 0 209  520.27 13.02956 11.21976 11.21976  3.63814  3.63814 1.00000  85  1328 16402.0 16402.0  1724.6  1724.6 12952.8
 0 208  542.89 13.02432 11.21599 11.21599  3.63551  3.63551 1.00000  85  1328 16384.4 16384.4  1721.4  1721.4 12941.6
 0 207  565.51 13.01887 11.21206 11.21206  3.63276  3.63276 1.00000  85  1328 16366.0 16366.0  1718.1  1718.1 12929.9
 0 206  588.12 13.01319 11.20797 11.20797  3.62990  3.62990 1.00000  85  1328 16347.0 16347.0  1714.6  1714.6 12917.7
 0 205  610.74 13.00728 11.20372 11.20372  3.62693  3.62693 1.00000  85  1328 16327.2 16327.2  1711.1  1711.1 12905.1
 0 204  633.37 13.00115 11.19930 11.19930  3.62384  3.62384 1.00000  85  1328 16306.6 16306.6  1707.3  1707.3 12891.9
 0 203  655.99 12.99480 11.19473 11.19473  3.62065  3.62065 1.00000  85  1328 16285.3 16285.3  1703.5  1703.5 12878.3
 0 202  678.61 12.98823 11.19000 11.19000  3.61734  3.61734 1.00000  85  1328 16263.3 16263.3  1699.5  1699.5 12864.3
 0 201  701.23 12.98143 11.18510 11.18510  3.61392  3.61392 1.00000  85  1328 16240.6 16240.6  1695.4  1695.4 12849.8
 0 200  723.85 12.97441 11.18005 11.18005  3.61039  3.61039 1.00000  85  1328 16217.2 16217.2  1691.2  1691.2 12834.8
 0 199  746.47 12.96717 11.17483 11.17483  3.60674  3.60674 1.00000  85  1328 16193.0 16193.0  1686.8  1686.8 12819.3
 0 198  769.09 12.95971 11.16946 11.16946  3.60299  3.60299 1.00000  85  1328 16168.1 16168.1  1682.4  1682.4 12803.4
 0 197  791.71 12.95202 11.16392 11.16392  3.59912  3.59912 1.00000  85  1328 16142.5 16142.5  1677.8  1677.8 12787.0
 0 196  814.33 12.94411 11.15823 11.15823  3.59514  3.59514 1.00000  85  1328 16116.2 16116.2  1673.0  1673.0 12770.1
 0 195  836.95 12.93597 11.15237 11.15237  3.59105  3.59105 1.00000  85  1328 16089.2 16089.2  1668.2  1668.2 12752.8
 0 194  859.57 12.92762 11.14635 11.14635  3.58684  3.58684 1.00000  85  1328 16061.4 16061.4  1663.2  1663.2 12735.0
 0 193  882.19 12.91904 11.14018 11.14018  3.58252  3.58252 1.00000  85  1328 16033.0 16033.0  1658.1  1658.1 12716.8
 0 192  904.81 12.91024 11.13384 11.13384  3.57810  3.57810 1.00000  85  1328 16003.8 16003.8  1652.9  1652.9 12698.1
 0 191  927.43 12.90121 11.12734 11.12734  3.57355  3.57355 1.00000  85  1328 15974.0 15974.0  1647.5  1647.5 12678.9
 0 190  950.05 12.89197 11.12068 11.12068  3.56890  3.56890 1.00000  85  1328 15943.4 15943.4  1642.1  1642.1 12659.3
 0 189  972.67 12.88250 11.11386 11.11386  3.56414  3.56414 1.00000  85  1328 15912.2 15912.2  1636.5  1636.5 12639.3
 0 188  995.29 12.87280 11.10688 11.10688  3.55926  3.55926 1.00000  85  1328 15880.3 15880.3  1630.8  1630.8 12618.7
 0 187 1017.91 12.86289 11.09974 11.09974  3.55427  3.55427 1.00000  85  1328 15847.6 15847.6  1624.9  1624.9 12597.7
 0 186 1040.53 12.85275 11.09244 11.09244  3.54917  3.54917 1.00000  85  1328 15814.3 15814.3  1619.0  1619.0 12576.3
 0 185 1063.15 12.84239 11.08498 11.08498  3.54395  3.54395 1.00000  85  1328 15780.3 15780.3  1613.0  1613.0 12554.4
 0 184 1085.77 12.83180 11.07736 11.07736  3.53863  3.53863 1.00000  85  1328 15745.6 15745.6  1606.8  1606.8 12532.1
 0 183 1108.39 12.82100 11.06958 11.06958  3.53319  3.53319 1.00000  85  1328 15710.3 15710.3  1600.5  1600.5 12509.3
 0 182 1131.01 12.80997 11.06164 11.06164  3.52764  3.52764 1.00000  85  1328 15674.3 15674.3  1594.1  1594.1 12486.1
 0 181 1153.63 12.79871 11.05354 11.05354  3.52197  3.52197 1.00000  85  1328 15637.6 15637.6  1587.6  1587.6 12462.4
 0 180 1176.25 12.78724 11.04527 11.04527  3.51620  3.51620 1.00000  85  1328 15600.2 15600.2  1581.0  1581.0 12438.2
 0 179 1198.87 12.77554 11.03685 11.03685  3.51031  3.51031 1.00000  85  1328 15562.1 15562.1  1574.2  1574.2 12413.7
 0 178 1221.49 12.76362 11.02827 11.02827  3.50431  3.50431 1.00000  85  1328 15523.5 15523.5  1567.4  1567.4 12388.7
 1 177 1221.49 12.16634 10.35572 10.35572  0.00000  0.00000 1.00000  -1 57823 13047.3 13047.3     0.0     0.0 13047.3
 1 176 1264.10 12.14416 10.33089 10.33089  0.00000  0.00000 1.00000  -1 57823 12961.1 12961.1     0.0     0.0 12961.1
 1 175 1306.72 12.12135 10.30577 10.30577  0.00000  0.00000 1.00000  -1 57823 12873.9 12873.9     0.0     0.0 12873.9
 1 174 1349.33 12.09793 10.28033 10.28033  0.00000  0.00000 1.00000  -1 57823 12785.7 12785.7     0.0     0.0 12785.7
 1 173 1391.94 12.07386 10.25455 10.25455  0.00000  0.00000 1.00000  -1 57823 12696.4 12696.4     0.0     0.0 12696.4
 1 172 1434.55 12.04914 10.22840 10.22840  0.00000  0.00000 1.00000  -1 57823 12605.8 12605.8     0.0     0.0 12605.8
 1 171 1477.17 12.02375 10.20186 10.20186  0.00000  0.00000 1.00000  -1 57823 12514.1 12514.1     0.0     0.0 12514.1
 1 170 1519.78 11.99770 10.17490 10.17490  0.00000  0.00000 1.00000  -1 57823 12421.1 12421.1     0.0     0.0 12421.1
 1 169 1562.39 11.97098 10.14751 10.14751  0.00000  0.00000 1.00000  -1 57823 12326.8 12326.8     0.0     0.0 12326.8
 1 168 1605.00 11.94356 10.11966 10.11966  0.00000  0.00000 1.00000  -1 57823 12231.1 12231.1     0.0     0.0 12231.1
 1 167 1647.62 11.91543 10.09130 10.09130  0.00000  0.00000 1.00000  -1 57823 12134.0 12134.0     0.0     0.0 12134.0
 1 166 1690.23 11.88660 10.06245 10.06245  0.00000  0.00000 1.00000  -1 57823 12035.5 12035.5     0.0     0.0 12035.5
 1 165 1732.84 11.85706 10.03305 10.03305  0.00000  0.00000 1.00000  -1 57823 11935.6 11935.6     0.0     0.0 11935.6
 1 164 1775.45 11.82678 10.00310 10.00310  0.00000  0.00000 1.00000  -1 57823 11834.1 11834.1     0.0     0.0 11834.1
 1 163 1818.07 11.79576  9.97255  9.97255  0.00000  0.00000 1.00000  -1 57823 11731.1 11731.1     0.0     0.0 11731.1
 1 162 1860.68 11.76399  9.94140  9.94140  0.00000  0.00000 1.00000  -1 57823 11626.5 11626.5     0.0     0.0 11626.5
 1 161 1903.29 11.73147  9.90962  9.90962  0.00000  0.00000 1.00000  -1 57823 11520.4 11520.4     0.0     0.0 11520.4
 1 160 1945.90 11.69817  9.87718  9.87718  0.00000  0.00000 1.00000  -1 57823 11412.6 11412.6     0.0     0.0 11412.6
 1 159 1988.52 11.66409  9.84404  9.84404  0.00000  0.00000 1.00000  -1 57823 11303.1 11303.1     0.0     0.0 11303.1
 1 158 2031.13 11.62923  9.81021  9.81021  0.00000  0.00000 1.00000  -1 57823 11192.0 11192.0     0.0     0.0 11192.0
 1 157 2073.74 11.59357  9.77564  9.77564  0.00000  0.00000 1.00000  -1 57823 11079.2 11079.2     0.0     0.0 11079.2
 1 156 2116.35 11.55710  9.74032  9.74032  0.00000  0.00000 1.00000  -1 57823 10964.7 10964.7     0.0     0.0 10964.7
 1 155 2158.97 11.51980  9.70421  9.70421  0.00000  0.00000 1.00000  -1 57823 10848.4 10848.4     0.0     0.0 10848.4
 1 154 2201.58 11.48169  9.66730  9.66730  0.00000  0.00000 1.00000  -1 57823 10730.4 10730.4     0.0     0.0 10730.4
 1 153 2244.19 11.44273  9.62957  9.62957  0.00000  0.00000 1.00000  -1 57823 10610.7 10610.7     0.0     0.0 10610.7
 1 152 2286.81 11.40292  9.59097  9.59097  0.00000  0.00000 1.00000  -1 57823 10489.2 10489.2     0.0     0.0 10489.2
 1 151 2329.42 11.36225  9.55150  9.55150  0.00000  0.00000 1.00000  -1 57823 10365.9 10365.9     0.0     0.0 10365.9
 1 150 2372.03 11.32072  9.51113  9.51113  0.00000  0.00000 1.00000  -1 57823 10240.9 10240.9     0.0     0.0 10240.9
 1 149 2414.64 11.27831  9.46983  9.46983  0.00000  0.00000 1.00000  -1 57823 10114.1 10114.1     0.0     0.0 10114.1
 1 148 2457.26 11.23500  9.42757  9.42757  0.00000  0.00000 1.00000  -1 57823  9985.6  9985.6     0.0     0.0  9985.6
 1 147 2499.87 11.19081  9.38435  9.38435  0.00000  0.00000 1.00000  -1 57823  9855.3  9855.3     0.0     0.0  9855.3
 1 146 2542.48 11.14570  9.34013  9.34013  0.00000  0.00000 1.00000  -1 57823  9723.3  9723.3     0.0     0.0  9723.3
 1 145 2585.09 11.09968  9.29488  9.29488  0.00000  0.00000 1.00000  -1 57823  9589.5  9589.5     0.0     0.0  9589.5
 1 144 2627.71 11.05272  9.24857  9.24857  0.00000  0.00000 1.00000  -1 57823  9454.1  9454.1     0.0     0.0  9454.1
 1 143 2670.32 11.00483  9.20120  9.20120  0.00000  0.00000 1.00000  -1 57823  9316.9  9316.9     0.0     0.0  9316.9
 1 142 2712.93 10.95600  9.15274  9.15274  0.00000  0.00000 1.00000  -1 57823  9178.1  9178.1     0.0     0.0  9178.1
 1 141 2755.54 10.90620  9.10315  9.10315  0.00000  0.00000 1.00000  -1 57823  9037.7  9037.7     0.0     0.0  9037.7
 1 140 2798.16 10.85543  9.05240  9.05240  0.00000  0.00000 1.00000  -1 57823  8895.6  8895.6     0.0     0.0  8895.6
 1 139 2840.77 10.80369  9.00050  9.00050  0.00000  0.00000 1.00000  -1 57823  8752.0  8752.0     0.0     0.0  8752.0
 1 138 2883.38 10.75097  8.94740  8.94740  0.00000  0.00000 1.00000  -1 57823  8606.8  8606.8     0.0     0.0  8606.8
 1 137 2925.99 10.69724  8.89308  8.89308  0.00000  0.00000 1.00000  -1 57823  8460.1  8460.1     0.0     0.0  8460.1
 1 136 2968.61 10.64250  8.83751  8.83751  0.00000  0.00000 1.00000  -1 57823  8312.0  8312.0     0.0     0.0  8312.0
 1 135 3011.22 10.58675  8.78068  8.78068  0.00000  0.00000 1.00000  -1 57823  8162.4  8162.4     0.0     0.0  8162.4
 1 134 3053.83 10.52998  8.72256  8.72256  0.00000  0.00000 1.00000  -1 57823  8011.5  8011.5     0.0     0.0  8011.5
 1 133 3096.44 10.47216  8.66312  8.66312  0.00000  0.00000 1.00000  -1 57823  7859.3  7859.3     0.0     0.0  7859.3
 1 132 3139.06 10.41329  8.60232  8.60232  0.00000  0.00000 1.00000  -1 57823  7705.8  7705.8     0.0     0.0  7705.8
 1 131 3181.67 10.35338  8.54018  8.54018  0.00000  0.00000 1.00000  -1 57823  7551.2  7551.2     0.0     0.0  7551.2
 1 130 3224.28 10.29239  8.47664  8.47664  0.00000  0.00000 1.00000  -1 57823  7395.4  7395.4     0.0     0.0  7395.4
 1 129 3266.89 10.23033  8.41170  8.41170  0.00000  0.00000 1.00000  -1 57823  7238.6  7238.6     0.0     0.0  7238.6
 1 128 3309.51 10.16717  8.34529  8.34529  0.00000  0.00000 1.00000  -1 57823  7080.8  7080.8     0.0     0.0  7080.8
 1 127 3352.12 10.10293  8.27744  8.27744  0.00000  0.00000 1.00000  -1 57823  6922.1  6922.1     0.0     0.0  6922.1
 1 126 3394.73 10.03758  8.20811  8.20811  0.00000  0.00000 1.00000  -1 57823  6762.6  6762.6     0.0     0.0  6762.6
 1 125 3437.35  9.97110  8.13724  8.13724  0.00000  0.00000 1.00000  -1 57823  6602.3  6602.3     0.0     0.0  6602.3
 1 124 3479.96  9.90350  8.06486  8.06486  0.00000  0.00000 1.00000  -1 57823  6441.4  6441.4     0.0     0.0  6441.4
 2 123 3479.96  5.56648 13.71663 13.71663  7.26465  7.26465 1.00000 312 57823 10473.1 10473.1  2937.7  2937.7  4597.7
 2 122 3517.47  5.54769 13.70745 13.70745  7.26503  7.26503 1.00000 312 57823 10423.8 10423.8  2928.1  2928.1  4567.6
 2 121 3554.98  5.52892 13.69836 13.69836  7.26537  7.26537 1.00000 312 57823 10374.8 10374.8  2918.5  2918.5  4537.8
 2 120 3592.49  5.51019 13.68936 13.68936  7.26569  7.26569 1.00000 312 57823 10326.0 10326.0  2908.8  2908.8  4508.3
 2 119 3630.00  5.49148 13.68044 13.68044  7.26597  7.26597 1.00000 312 57823 10277.5 10277.5  2899.2  2899.2  4479.2
 3 118 3630.00  5.49148 13.68042 13.68042  7.26593  7.26593 1.00000 312 57823 10277.5 10277.5  2899.2  2899.2  4479.2
 3 117 3662.83  5.47511 13.64066 13.64066  7.25090  7.25090 1.00000 312 57823 10187.4 10187.4  2878.6  2878.6  4430.3
 3 116 3695.67  5.45876 13.60117 13.60117  7.23595  7.23595 1.00000 312 57823 10098.3 10098.3  2858.1  2858.1  4382.0
 3 115 3728.50  5.44241 13.56197 13.56197  7.22107  7.22107 1.00000 312 57823 10010.1 10010.1  2837.9  2837.9  4334.3
 3 114 3761.33  5.42608 13.52302 13.52302  7.20625  7.20625 1.00000 312 57823  9922.8  9922.8  2817.8  2817.8  4287.3
 3 113 3794.17  5.40974 13.48429 13.48429  7.19148  7.19148 1.00000 312 57823  9836.3  9836.3  2797.8  2797.8  4240.8
 3 112 3827.00  5.39341 13.44577 13.44577  7.17677  7.17677 1.00000 312 57823  9750.7  9750.7  2777.9  2777.9  4194.8
 3 111 3859.83  5.37708 13.40744 13.40744  7.16209  7.16209 1.00000 312 57823  9665.8  9665.8  2758.2  2758.2  4149.4
 3 110 3892.67  5.36073 13.36926 13.36926  7.14744  7.14744 1.00000 312 57823  9581.6  9581.6  2738.6  2738.6  4104.5
 3 109 3925.50  5.34439 13.33123 13.33123  7.13282  7.13282 1.00000 312 57823  9498.1  9498.1  2719.1  2719.1  4060.0
 3 108 3958.33  5.32804 13.29332 13.29332  7.11822  7.11822 1.00000 312 57823  9415.3  9415.3  2699.7  2699.7  4016.0
 3 107 3991.17  5.31167 13.25550 13.25550  7.10362  7.10362 1.00000 312 57823  9333.0  9333.0  2680.3  2680.3  3972.4
 3 106 4024.00  5.29529 13.21776 13.21776  7.08902  7.08902 1.00000 312 57823  9251.4  9251.4  2661.1  2661.1  3929.1
 3 105 4056.83  5.27890 13.18007 13.18007  7.07442  7.07442 1.00000 312 57823  9170.2  9170.2  2642.0  2642.0  3886.3
 3 104 4089.67  5.26248 13.14241 13.14241  7.05980  7.05980 1.00000 312 57823  9089.5  9089.5  2622.9  2622.9  3843.8
 3 103 4122.50  5.24605 13.10476 13.10476  7.04516  7.04516 1.00000 312 57823  9009.3  9009.3  2603.8  2603.8  3801.6
 3 102 4155.33  5.22959 13.06711 13.06711  7.03050  7.03050 1.00000 312 57823  8929.5  8929.5  2584.9  2584.9  3759.7
 3 101 4188.17  5.21310 13.02941 13.02941  7.01579  7.01579 1.00000 312 57823  8850.0  8850.0  2566.0  2566.0  3718.1
 3 100 4221.00  5.19659 12.99166 12.99166  7.00104  7.00104 1.00000 312 57823  8771.0  8771.0  2547.1  2547.1  3676.8
 3  99 4253.83  5.18005 12.95383 12.95383  6.98624  6.98624 1.00000 312 57823  8692.2  8692.2  2528.3  2528.3  3635.7
 3  98 4286.67  5.16346 12.91590 12.91590  6.97138  6.97138 1.00000 312 57823  8613.7  8613.7  2509.4  2509.4  3594.8
 3  97 4319.50  5.14685 12.87785 12.87785  6.95645  6.95645 1.00000 312 57823  8535.5  8535.5  2490.7  2490.7  3554.1
 3  96 4352.33  5.13019 12.83966 12.83966  6.94145  6.94145 1.00000 312 57823  8457.5  8457.5  2471.9  2471.9  3513.6
 3  95 4385.17  5.11349 12.80129 12.80129  6.92636  6.92636 1.00000 312 57823  8379.6  8379.6  2453.2  2453.2  3473.3
 3  94 4418.00  5.09675 12.76275 12.76275  6.91118  6.91118 1.00000 312 57823  8302.0  8302.0  2434.4  2434.4  3433.1
 3  93 4450.83  5.07996 12.72400 12.72400  6.89591  6.89591 1.00000 312 57823  8224.5  8224.5  2415.7  2415.7  3393.1
 3  92 4483.67  5.06312 12.68500 12.68500  6.88052  6.88052 1.00000 312 57823  8147.0  8147.0  2397.0  2397.0  3353.1
 3  91 4516.50  5.04623 12.64576 12.64576  6.86503  6.86503 1.00000 312 57823  8069.7  8069.7  2378.2  2378.2  3313.3
 3  90 4549.33  5.02929 12.60625 12.60625  6.84942  6.84942 1.00000 312 57823  7992.4  7992.4  2359.5  2359.5  3273.5
 3  89 4582.17  5.01228 12.56643 12.56643  6.83367  6.83367 1.00000 312 57823  7915.2  7915.2  2340.7  2340.7  3233.8
 3  88 4615.00  4.99522 12.52630 12.52630  6.81780  6.81780 1.00000 312 57823  7837.9  7837.9  2321.9  2321.9  3194.1
 3  87 4647.83  4.97810 12.48583 12.48583  6.80178  6.80178 1.00000 312 57823  7760.7  7760.7  2303.1  2303.1  3154.5
 3  86 4680.67  4.96091 12.44499 12.44499  6.78560  6.78560 1.00000 312 57823  7683.3  7683.3  2284.2  2284.2  3114.9
 3  85 4713.50  4.94366 12.40377 12.40377  6.76927  6.76927 1.00000 312 57823  7606.0  7606.0  2265.3  2265.3  3075.3
 3  84 4746.33  4.92633 12.36215 12.36215  6.75277  6.75277 1.00000 312 57823  7528.6  7528.6  2246.4  2246.4  3035.8
 3  83 4779.17  4.90893 12.32009 12.32009  6.73609  6.73609 1.00000 312 57823  7451.0  7451.0  2227.4  2227.4  2996.2
 3  82 4812.00  4.89147 12.27759 12.27759  6.71924  6.71924 1.00000 312 57823  7373.4  7373.4  2208.4  2208.4  2956.5
 3  81 4844.83  4.87392 12.23462 12.23462  6.70220  6.70220 1.00000 312 57823  7295.6  7295.6  2189.3  2189.3  2916.9
 3  80 4877.67  4.85629 12.19114 12.19114  6.68495  6.68495 1.00000 312 57823  7217.6  7217.6  2170.2  2170.2  2877.2
 3  79 4910.50  4.83858 12.14716 12.14716  6.66751  6.66751 1.00000 312 57823  7139.5  7139.5  2151.0  2151.0  2837.4
 3  78 4943.33  4.82079 12.10264 12.10264  6.64985  6.64985 1.00000 312 57823  7061.2  7061.2  2131.8  2131.8  2797.6
 3  77 4976.17  4.80290 12.05755 12.05755  6.63197  6.63197 1.00000 312 57823  6982.7  6982.7  2112.5  2112.5  2757.7
 3  76 5009.00  4.78493 12.01189 12.01189  6.61387  6.61387 1.00000 312 57823  6904.0  6904.0  2093.1  2093.1  2717.8
 3  75 5041.83  4.76687 11.96563 11.96563  6.59553  6.59553 1.00000 312 57823  6825.0  6825.0  2073.6  2073.6  2677.7
 3  74 5074.67  4.74871 11.91872 11.91872  6.57694  6.57694 1.00000 312 57823  6745.8  6745.8  2054.1  2054.1  2637.6
 3  73 5107.50  4.73045 11.87119 11.87119  6.55811  6.55811 1.00000 312 57823  6666.4  6666.4  2034.5  2034.5  2597.4
 3  72 5140.33  4.71210 11.82299 11.82299  6.53902  6.53902 1.00000 312 57823  6586.7  6586.7  2014.8  2014.8  2557.0
 3  71 5173.17  4.69364 11.77408 11.77408  6.51966  6.51966 1.00000 312 57823  6506.7  6506.7  1995.1  1995.1  2516.6
 3  70 5206.00  4.67508 11.72447 11.72447  6.50003  6.50003 1.00000 312 57823  6426.5  6426.5  1975.2  1975.2  2476.0
 3  69 5238.83  4.65641 11.67413 11.67413  6.48013  6.48013 1.00000 312 57823  6346.0  6346.0  1955.3  1955.3  2435.4
 3  68 5271.67  4.63762 11.62302 11.62302  6.45992  6.45992 1.00000 312 57823  6265.2  6265.2  1935.3  1935.3  2394.6
 3  67 5304.50  4.61873 11.57114 11.57114  6.43943  6.43943 1.00000 312 57823  6184.1  6184.1  1915.2  1915.2  2353.7
 3  66 5337.33  4.59972 11.51847 11.51847  6.41863  6.41863 1.00000 312 57823  6102.7  6102.7  1895.0  1895.0  2312.6
 3  65 5370.17  4.58059 11.46496 11.46496  6.39752  6.39752 1.00000 312 57823  6021.0  6021.0  1874.8  1874.8  2271.5
 3  64 5403.00  4.56135 11.41062 11.41062  6.37609  6.37609 1.00000 312 57823  5939.0  5939.0  1854.4  1854.4  2230.2
 3  63 5435.83  4.54198 11.35541 11.35541  6.35434  6.35434 1.00000 312 57823  5856.7  5856.7  1833.9  1833.9  2188.8
 3  62 5468.67  4.52248 11.29930 11.29930  6.33224  6.33224 1.00000 312 57823  5774.0  5774.0  1813.4  1813.4  2147.3
 3  61 5501.50  4.50286 11.24229 11.24229  6.30981  6.30981 1.00000 312 57823  5691.1  5691.1  1792.8  1792.8  2105.6
 3  60 5534.33  4.48311 11.18436 11.18436  6.28704  6.28704 1.00000 312 57823  5607.9  5607.9  1772.0  1772.0  2063.9
 3  59 5567.17  4.46322 11.12545 11.12545  6.26389  6.26389 1.00000 312 57823  5524.4  5524.4  1751.2  1751.2  2022.0
 3  58 5600.00  4.44320 11.06559 11.06559  6.24039  6.24039 1.00000 312 57823  5440.6  5440.6  1730.3  1730.3  1980.0
 4  57 5600.00  4.44320 11.06552 11.06552  6.24054  6.24054 1.00000 312 57823  5440.5  5440.5  1730.4  1730.4  1979.8
 4  56 5625.25  4.42771 10.98701 10.98701  6.16666  6.16666 1.00000 312 57823  5344.9  5344.9  1683.8  1683.8  1977.4
 4  55 5650.50  4.41214 10.90846 10.90846  6.09280  6.09280 1.00000 312 57823  5250.2  5250.2  1637.9  1637.9  1974.4
 4  54 5675.75  4.39648 10.82987 10.82987  6.01895  6.01895 1.00000 312 57823  5156.5  5156.5  1592.8  1592.8  1971.0
 4  53 5701.00  4.38074 10.75124 10.75124  5.94513  5.94513 1.00000 312 57823  5063.7  5063.7  1548.4  1548.4  1967.0
 5  52 5701.00  3.99212 10.26617 10.26617  5.57021  5.57021 1.00000 143 57823  4207.5  4207.5  1238.6  1238.6  1730.2
 5  51 5724.33  3.98669 10.23004 10.23004  5.55215  5.55215 1.00000 143 57823  4172.2  4172.2  1229.0  1229.0  1714.3
 5  50 5747.67  3.98125 10.19389 10.19389  5.53408  5.53408 1.00000 143 57823  4137.1  4137.1  1219.3  1219.3  1698.5
 5  49 5771.00  3.97582 10.15776 10.15776  5.51602  5.51602 1.00000 143 57823  4102.3  4102.3  1209.7  1209.7  1682.9
 6  48 5771.00  3.97582 10.15783 10.15783  5.51593  5.51593 1.00000 143 57823  4102.3  4102.3  1209.7  1209.7  1683.0
 6  47 5796.00  3.94431 10.02984 10.02984  5.44300  5.44300 1.00000 143 57823  3967.9  3967.9  1168.6  1168.6  1630.8
 6  46 5821.00  3.91280  9.90185  9.90185  5.37007  5.37007 1.00000 143 57823  3836.4  3836.4  1128.4  1128.4  1579.6
 6  45 5846.00  3.88129  9.77386  9.77386  5.29714  5.29714 1.00000 143 57823  3707.7  3707.7  1089.1  1089.1  1529.6
 6  44 5871.00  3.84978  9.64587  9.64587  5.22421  5.22421 1.00000 143 57823  3581.9  3581.9  1050.7  1050.7  1480.6
 6  43 5896.00  3.81827  9.51788  9.51788  5.15128  5.15128 1.00000 143 57823  3459.0  3459.0  1013.2  1013.2  1432.6
 6  42 5921.00  3.78677  9.38989  9.38989  5.07835  5.07835 1.00000 143 57823  3338.8  3338.8   976.6   976.6  1385.6
 6  41 5946.00  3.75526  9.26191  9.26191  5.00542  5.00542 1.00000 143 57823  3221.4  3221.4   940.8   940.8  1339.7
 6  40 5971.00  3.72375  9.13392  9.13392  4.93249  4.93249 1.00000 143 57823  3106.7  3106.7   906.0   906.0  1294.7
 7  39 5971.00  3.54326  8.90524  8.90524  4.76990  4.76990 1.00000 143 57823  2809.9  2809.9   806.2   806.2  1197.6
 7  38 5993.50  3.52983  8.86196  8.86196  4.75415  4.75415 1.00000 143 57823  2772.1  2772.1   797.8   797.8  1176.5
 7  37 6016.00  3.51639  8.81867  8.81867  4.73840  4.73840 1.00000 143 57823  2734.7  2734.7   789.5   789.5  1155.6
 7  36 6038.50  3.50296  8.77538  8.77538  4.72265  4.72265 1.00000 143 57823  2697.5  2697.5   781.3   781.3  1135.0
 7  35 6061.00  3.48952  8.73210  8.73210  4.70690  4.70690 1.00000 143 57823  2660.7  2660.7   773.1   773.1  1114.5
 7  34 6083.50  3.47608  8.68881  8.68881  4.69115  4.69115 1.00000 143 57823  2624.3  2624.3   765.0   765.0  1094.3
 7  33 6106.00  3.46265  8.64552  8.64552  4.67540  4.67540 1.00000 143 57823  2588.2  2588.2   756.9   756.9  1074.3
 7  32 6128.50  3.44921  8.60224  8.60224  4.65965  4.65965 1.00000 143 57823  2552.4  2552.4   748.9   748.9  1054.6
 7  31 6151.00  3.43577  8.55895  8.55895  4.64390  4.64390 1.00000 143 57823  2516.9  2516.9   741.0   741.0  1035.0
 8  30 6151.00  3.35949  7.80045  8.04856  4.44109  4.43626 0.97646  80 57823  2176.3  2044.2   662.6   661.2   831.0
 8  29 6174.33  3.36203  7.82688  8.06547  4.43571  4.45720 0.96739  80 57823  2187.1  2059.6   661.5   667.9   835.9
 8  28 6197.67  3.36456  7.85333  8.08238  4.43033  4.47815 0.95831  80 57823  2197.9  2075.1   660.4   674.7   840.5
 8  27 6221.00  3.36710  7.87976  8.09929  4.42496  4.49908 0.94924  80 57823  2208.8  2090.7   659.3   681.6   845.0
 8  26 6244.33  3.36963  7.90619  8.11620  4.41958  4.52002 0.94016  80 57823  2219.7  2106.3   658.2   688.4   849.3
 8  25 6267.67  3.37217  7.93263  8.13311  4.41421  4.54097 0.93109  80 57823  2230.6  2122.0   657.1   695.4   853.3
 8  24 6291.00  3.37471  7.95906  8.15002  4.40883  4.56190 0.92201  80 57823  2241.6  2137.8   656.0   702.3   857.1
 9  23 6291.00  3.37471  7.95906  8.15002  4.40883  4.56190 0.92201 600 57823  2241.6  2137.8   656.0   702.3   857.1
 9  22 6309.54  3.37672  7.98007  8.16346  4.40456  4.57854 0.91480 600 57823  2250.3  2150.3   655.1   707.9   860.0
 9  21 6328.09  3.37874  8.00109  8.17690  4.40029  4.59519 0.90759 600 57823  2259.1  2163.0   654.2   713.4   862.8
 9  20 6346.63  3.38075  8.02209  8.19034  4.39601  4.61183 0.90038 600 57823  2267.9  2175.6   653.3   719.1   865.4
10  19 6346.63  2.90000  6.80000  6.80000  3.90000  3.90000 1.00000 600 57823  1341.0  1341.0   441.1   441.1   458.8
10  18 6351.31  2.90000  6.80000  6.80000  3.90000  3.90000 1.00000 600 57823  1341.0  1341.0   441.1   441.1   458.8
10  17 6356.00  2.90000  6.80000  6.80000  3.90000  3.90000 1.00000 600 57823  1341.0  1341.0   441.1   441.1   458.8
11  16 6356.00  2.60000  5.80000  5.80000  3.20000  3.20000 1.00000 600 57823   874.6   874.6   266.2   266.2   342.2
11  15 6361.50  2.60000  5.80000  5.80000  3.20000  3.20000 1.00000 600 57823   874.6   874.6   266.2   266.2   342.2
11  14 6367.00  2.60000  5.80000  5.80000  3.20000  3.20000 1.00000 600 57823   874.6   874.6   266.2   266.2   342.2
12  13 6367.00  1.04597  1.52443  1.52443  0.00000  0.00000 1.00000  -1 57823    21.4    21.4     0.0     0.0    21.4
12  12 6367.50  1.04373  1.51560  1.51560  0.00000  0.00000 1.00000  -1 57823    21.4    21.4     0.0     0.0    21.4
12  11 6368.00  1.04147  1.50702  1.50702  0.00000  0.00000 1.00000  -1 57823    21.4    21.4     0.0     0.0    21.4
12  10 6368.50  1.03918  1.49880  1.49880  0.00000  0.00000 1.00000  -1 57823    21.4    21.4     0.0     0.0    21.4
12   9 6369.00  1.03684  1.49133  1.49133  0.00000  0.00000 1.00000  -1 57823    21.4    21.4     0.0     0.0    21.4
12   8 6369.50  1.03441  1.48558  1.48558  0.00000  0.00000 1.00000  -1 57823    21.4    21.4     0.0     0.0    21.4
12   7 6370.00  1.03187  1.48244  1.48244  0.00000  0.00000 1.00000  -1 57823    21.4    21.4     0.0     0.0    21.4
12   6 6370.50  1.02903  1.48712  1.48712  0.00000  0.00000 1.00000  -1 57823    21.4    21.4     0.0     0.0    21.4
12   5 6370.60  1.02836  1.49125  1.49125  0.00000  0.00000 1.00000  -1 57823    21.4    21.4     0.0     0.0    21.4
12   4 6370.70  1.02760  1.49669  1.49669  0.00000  0.00000 1.00000  -1 57823    21.4    21.4     0.0     0.0    21.4
12   3 6370.80  1.02665  1.50443  1.50443  0.00000  0.00000 1.00000  -1 57823    21.4    21.4     0.0     0.0    21.4
12   2 6370.90  1.02504  1.51561  1.51561  0.00000  0.00000 1.00000  -1 57823    21.4    21.4     0.0     0.0    21.4
12   1 6370.95  1.02404  1.52137  1.52137  0.00000  0.00000 1.00000  -1 57823    21.4    21.4     0.0     0.0    21.4
12   0 6371.00  1.02335  1.52453  1.52453  0.00000  0.00000 1.00000  -1 57823    21.4    21.4     0.0     0.0    21.4
